<?xml version="1.0"?>
<opencv_storage>
<cM type_id="opencv-matrix">
  <rows>3</rows>
  <cols>3</cols>
  <dt>d</dt>
  <data>
    1.8194540418933602e+02 0. 3.2047597554165947e+02 0.
    1.8286997201603228e+02 1.9657959900841232e+02 0. 0. 1.</data></cM>
<dist type_id="opencv-matrix">
  <rows>1</rows>
  <cols>5</cols>
  <dt>d</dt>
  <data>
    -2.0808599332142111e-01 7.8643837307249165e-02
    1.5737481328265465e-02 -1.1248561698887877e-02
    -9.6916314870048956e-03</data></dist>
</opencv_storage>
